Preparing tfrecords
[array([[169, 161, 157, ..., 152, 150, 150],
       [168, 164, 162, ..., 151, 147, 149],
       [169, 168, 165, ..., 155, 152, 150],
       ...,
       [148, 151, 155, ..., 162, 163, 168],
       [148, 151, 152, ..., 164, 167, 172],
       [159, 152, 155, ..., 167, 170, 171]], dtype=uint8), array([[ 71,  61,  53, ..., 163, 160, 157],
       [ 66,  60,  49, ..., 166, 159, 158],
       [ 62,  52,  47, ..., 164, 164, 160],
       ...,
       [ 37,  67, 140, ..., 162, 164, 159],
       [ 39,  89, 155, ..., 165, 163, 159],
       [ 43, 117, 162, ..., 164, 161, 154]], dtype=uint8), array([[167, 167, 164, ..., 157, 159, 157],
       [162, 165, 163, ..., 143, 152, 159],
       [151, 158, 157, ..., 123, 128, 144],
       ...,
       [161, 162, 159, ..., 168, 164, 163],
       [163, 165, 163, ..., 165, 163, 162],
       [166, 169, 169, ..., 165, 161, 162]], dtype=uint8), array([[ 46,  37,  38, ..., 166, 168, 166],
       [ 44,  37,  38, ..., 163, 163, 161],
       [ 44,  36,  35, ..., 151, 150, 150],
       ...,
       [ 82, 147, 163, ..., 154, 154, 155],
       [ 95, 155, 167, ..., 146, 149, 156],
       [100, 159, 168, ..., 144, 151, 159]], dtype=uint8), array([[134, 147, 153, ..., 130, 122, 118],
       [138, 150, 157, ..., 121, 118, 119],
       [146, 154, 159, ..., 117, 123, 129],
       ...,
       [140, 146, 149, ..., 160, 161, 158],
       [135, 137, 130, ..., 159, 157, 154],
       [115, 114, 109, ..., 155, 155, 151]], dtype=uint8), array([[ 38,  30,  30, ..., 107, 112, 120],
       [ 42,  31,  28, ...,  90,  98, 109],
       [ 41,  34,  31, ...,  84,  92, 109],
       ...,
       [102, 157, 164, ..., 162, 162, 164],
       [102, 156, 161, ..., 146, 145, 150],
       [104, 156, 159, ..., 111, 138, 148]], dtype=uint8), array([[160, 163, 163, ..., 151, 149, 138],
       [165, 168, 164, ..., 152, 152, 141],
       [171, 167, 167, ..., 157, 151, 144],
       ...,
       [140, 137, 137, ..., 164, 164, 161],
       [141, 137, 138, ..., 164, 168, 163],
       [140, 136, 141, ..., 166, 163, 165]], dtype=uint8), array([[ 48,  59,  84, ..., 160, 159, 160],
       [ 44,  58,  93, ..., 158, 163, 164],
       [ 41,  63, 103, ..., 163, 165, 168],
       ...,
       [167, 166, 164, ..., 159, 154, 148],
       [164, 167, 163, ..., 151, 156, 151],
       [168, 166, 167, ..., 157, 147, 153]], dtype=uint8), array([[163, 160, 159, ..., 155, 155, 154],
       [161, 159, 154, ..., 150, 155, 152],
       [159, 159, 156, ..., 154, 152, 149],
       ...,
       [146, 139, 140, ..., 162, 158, 160],
       [149, 142, 135, ..., 156, 154, 153],
       [154, 148, 145, ..., 151, 152, 152]], dtype=uint8), array([[ 55,  98, 130, ..., 172, 173, 169],
       [ 56, 106, 137, ..., 170, 171, 170],
       [ 63, 113, 139, ..., 168, 168, 164],
       ...,
       [167, 164, 166, ..., 158, 152, 159],
       [166, 164, 161, ..., 153, 152, 155],
       [165, 163, 163, ..., 155, 156, 155]], dtype=uint8), array([[145, 135, 132, ..., 135, 138, 141],
       [151, 135, 136, ..., 135, 134, 136],
       [141, 135, 133, ..., 131, 135, 131],
       ...,
       [123, 125, 122, ..., 150, 145, 144],
       [104,  76,  68, ..., 152, 145, 144],
       [ 46,  48,  68, ..., 150, 146, 141]], dtype=uint8), array([[ 88, 123, 125, ..., 156, 153, 151],
       [ 94, 116, 123, ..., 149, 143, 143],
       [ 94, 113, 117, ..., 139, 134, 138],
       ...,
       [158, 160, 163, ..., 168, 164, 166],
       [155, 155, 153, ..., 170, 164, 168],
       [156, 153, 142, ..., 160, 158, 155]], dtype=uint8), array([[163, 163, 161, ..., 117, 100,  76],
       [168, 165, 165, ..., 120, 104,  83],
       [165, 163, 166, ..., 123, 108,  88],
       ...,
       [147, 148, 151, ..., 142, 104,  59],
       [152, 149, 152, ..., 140, 103,  58],
       [149, 152, 154, ..., 146, 112,  59]], dtype=uint8), array([[146, 151, 153, ..., 155, 157, 159],
       [153, 159, 156, ..., 156, 156, 157],
       [158, 158, 155, ..., 158, 154, 159],
       ...,
       [160, 157, 156, ..., 153, 155, 150],
       [164, 161, 158, ..., 146, 144, 141],
       [162, 156, 158, ..., 149, 140, 137]], dtype=uint8), array([[152, 154, 156, ..., 124, 110,  87],
       [142, 143, 145, ..., 126, 110,  84],
       [137, 138, 141, ..., 130, 109,  78],
       ...,
       [140, 146, 153, ..., 144, 137,  87],
       [138, 146, 153, ..., 144, 141,  99],
       [134, 142, 153, ..., 142, 140, 111]], dtype=uint8), array([[158, 155, 159, ..., 166, 164, 171],
       [157, 159, 158, ..., 164, 167, 169],
       [155, 152, 144, ..., 162, 164, 167],
       ...,
       [163, 160, 158, ..., 154, 147, 140],
       [160, 160, 161, ..., 155, 151, 141],
       [162, 161, 161, ..., 153, 151, 144]], dtype=uint8), array([[127, 121, 115, ..., 118,  95,  66],
       [123, 111, 104, ..., 116,  95,  63],
       [111, 111, 112, ..., 115,  94,  64],
       ...,
       [134, 139, 141, ..., 131, 127, 103],
       [129, 134, 137, ..., 126, 120,  96],
       [128, 134, 140, ..., 123, 113,  90]], dtype=uint8), array([[ 99,  98, 100, ..., 153, 156, 159],
       [100, 102, 112, ..., 148, 147, 154],
       [106, 106, 106, ..., 156, 152, 145],
       ...,
       [163, 164, 164, ..., 161, 155, 154],
       [159, 162, 165, ..., 159, 150, 147],
       [154, 159, 164, ..., 152, 138, 131]], dtype=uint8), array([[126, 126, 130, ..., 113, 110, 108],
       [131, 132, 130, ..., 113, 112, 109],
       [133, 132, 129, ..., 117, 116, 113],
       ...,
       [241, 220, 181, ..., 121, 120, 118],
       [231, 210, 180, ..., 122, 125, 124],
       [214, 194, 172, ..., 126, 124, 125]], dtype=uint8), array([[148, 165, 178, ..., 130, 130, 127],
       [145, 163, 178, ..., 131, 131, 130],
       [139, 163, 177, ..., 135, 134, 133],
       ...,
       [215, 236, 246, ..., 196, 215, 231],
       [199, 235, 245, ..., 219, 231, 244],
       [188, 234, 244, ..., 227, 238, 246]], dtype=uint8), array([[135, 131, 127, ..., 114, 115, 116],
       [133, 133, 130, ..., 112, 113, 114],
       [134, 134, 127, ..., 110, 111, 109],
       ...,
       [189, 166, 145, ..., 129, 129, 126],
       [195, 166, 148, ..., 130, 127, 124],
       [202, 172, 149, ..., 129, 132, 126]], dtype=uint8), array([[125, 146, 171, ..., 139, 138, 140],
       [119, 144, 168, ..., 137, 138, 140],
       [115, 139, 165, ..., 134, 137, 136],
       ...,
       [229, 234, 241, ..., 236, 240, 244],
       [230, 236, 240, ..., 230, 238, 245],
       [229, 239, 243, ..., 219, 237, 245]], dtype=uint8), array([[123, 127, 124, ...,  58,  84, 100],
       [125, 128, 129, ...,  52,  52,  72],
       [136, 134, 132, ...,  67,  55,  48],
       ...,
       [228, 196, 163, ..., 129, 126, 122],
       [230, 204, 171, ..., 129, 124, 116],
       [221, 205, 175, ..., 123, 122, 113]], dtype=uint8), array([[ 94, 122, 148, ...,  67,  83,  92],
       [ 91, 118, 148, ...,  61,  73,  84],
       [ 87, 113, 145, ...,  69,  78,  85],
       ...,
       [120, 209, 240, ..., 200, 231, 233],
       [139, 198, 237, ..., 196, 230, 236],
       [205, 208, 226, ..., 199, 236, 241]], dtype=uint8), array([[126, 122, 120, ...,  88,  87,  88],
       [128, 124, 124, ...,  94,  88,  88],
       [129, 127, 122, ...,  92,  88,  86],
       ...,
       [122, 120, 111, ..., 119, 114, 110],
       [121, 117, 114, ..., 120, 117, 108],
       [122, 120, 115, ..., 121, 115, 110]], dtype=uint8), array([[215, 236, 243, ..., 122, 119, 122],
       [221, 240, 244, ..., 124, 123, 124],
       [227, 243, 245, ..., 128, 126, 126],
       ...,
       [247, 245, 236, ..., 250, 249, 220],
       [248, 247, 242, ..., 248, 245, 220],
       [249, 250, 247, ..., 244, 241, 220]], dtype=uint8), array([[130, 130, 131, ..., 101,  89,  76],
       [125, 129, 129, ...,  99,  88,  70],
       [127, 129, 130, ..., 100,  94,  74],
       ...,
       [123, 121, 118, ..., 118, 109,  97],
       [123, 120, 118, ..., 113, 107,  92],
       [119, 120, 119, ..., 111, 109,  85]], dtype=uint8), array([[235, 245, 246, ..., 136, 132, 130],
       [236, 245, 246, ..., 135, 132, 131],
       [239, 245, 245, ..., 134, 135, 131],
       ...,
       [246, 248, 247, ..., 218, 201, 182],
       [245, 245, 246, ..., 209, 193, 172],
       [243, 246, 244, ..., 208, 189, 166]], dtype=uint8), array([[127, 127, 126, ..., 102,  97,  82],
       [124, 123, 122, ..., 101,  99,  81],
       [129, 127, 121, ..., 105, 102,  82],
       ...,
       [133, 131, 123, ..., 105,  81,  40],
       [136, 133, 126, ..., 102,  71,  46],
       [134, 131, 120, ..., 100,  76,  68]], dtype=uint8), array([[247, 246, 243, ..., 124, 131, 131],
       [248, 246, 243, ..., 115, 123, 127],
       [248, 247, 231, ..., 107, 123, 127],
       ...,
       [241, 240, 239, ..., 247, 212, 179],
       [241, 239, 239, ..., 250, 222, 183],
       [238, 240, 240, ..., 247, 228, 196]], dtype=uint8), array([[119, 117, 121, ...,  92,  97,  92],
       [123, 122, 122, ...,  86,  84,  71],
       [126, 124, 126, ...,  71,  57,  46],
       ...,
       [108, 105, 103, ...,  51,  32,  16],
       [109, 113, 109, ...,  49,  32,  24],
       [108, 114, 116, ...,  53,  22,  19]], dtype=uint8), array([[234, 223, 214, ..., 118, 119, 122],
       [233, 226, 216, ..., 123, 124, 123],
       [237, 230, 220, ..., 127, 126, 122],
       ...,
       [202, 187, 167, ..., 125, 118, 116],
       [210, 196, 180, ..., 125, 121, 120],
       [218, 205, 192, ..., 127, 122, 120]], dtype=uint8), array([[131, 135, 135, ...,  48,  28,  32],
       [131, 134, 134, ...,  39,  30,  35],
       [128, 127, 129, ...,  31,  26,  30],
       ...,
       [107, 113, 119, ...,  67,  45,  15],
       [103, 108, 118, ...,  71,  46,   8],
       [104, 103, 113, ...,  72,  38,   3]], dtype=uint8), array([[240, 239, 233, ..., 130, 130, 129],
       [242, 237, 235, ..., 131, 133, 131],
       [243, 239, 234, ..., 129, 130, 130],
       ...,
       [239, 226, 210, ..., 130, 123, 117],
       [234, 219, 211, ..., 131, 123, 118],
       [229, 222, 211, ..., 124, 123, 121]], dtype=uint8), array([[ 97,  89,  71, ...,  16,  13,  14],
       [ 82,  73,  59, ...,  15,  16,  20],
       [ 79,  71,  66, ...,  16,  10,  11],
       ...,
       [113,  98,  93, ...,  40,  11,   0],
       [108,  99,  98, ...,  40,  12,   4],
       [106, 103, 100, ...,  29,  10,  13]], dtype=uint8), array([[192, 155, 122, ..., 125, 129, 128],
       [157, 155, 159, ..., 127, 128, 130],
       [200, 209, 200, ..., 128, 127, 127],
       ...,
       [227, 227, 218, ..., 126, 126, 125],
       [228, 224, 218, ..., 131, 130, 127],
       [225, 225, 218, ..., 136, 133, 131]], dtype=uint8)]
[[21.033563909799994, 20.0022736842, 14.582075187999997, 20.647422556400002, 28.130345864700004, 20.9699969925], [21.2270075188, 20.4216781955, 27.3565714286, 21.389401503800002, 14.452872180500002, 21.389401503800002], [21.033563909799994, 15.002273684199999, 14.582075187999997, 15.647422556400002, 28.130345864700004, 15.9699969925], [21.2270075188, 15.4216781955, 27.3565714286, 16.389401503800002, 14.452872180500002, 16.389401503800002], [21.033563909799994, 10.002273684199999, 14.582075187999997, 10.647422556400002, 28.130345864700004, 10.9699969925], [21.2270075188, 10.4216781955, 27.3565714286, 11.389401503800002, 14.452872180500002, 11.389401503800002], [16.033563909799994, 20.0022736842, 9.582075187999997, 20.647422556400002, 23.130345864700004, 20.9699969925], [16.2270075188, 20.4216781955, 22.3565714286, 21.389401503800002, 9.452872180500002, 21.389401503800002], [16.033563909799994, 15.002273684199999, 9.582075187999997, 15.647422556400002, 23.130345864700004, 15.9699969925], [16.2270075188, 15.4216781955, 22.3565714286, 16.389401503800002, 9.452872180500002, 16.389401503800002], [16.033563909799994, 10.002273684199999, 9.582075187999997, 10.647422556400002, 23.130345864700004, 10.9699969925], [16.2270075188, 10.4216781955, 22.3565714286, 11.389401503800002, 9.452872180500002, 11.389401503800002], [11.033563909799994, 20.0022736842, 4.5820751879999975, 20.647422556400002, 18.130345864700004, 20.9699969925], [11.2270075188, 20.4216781955, 17.3565714286, 21.389401503800002, 4.452872180500002, 21.389401503800002], [11.033563909799994, 15.002273684199999, 4.5820751879999975, 15.647422556400002, 18.130345864700004, 15.9699969925], [11.2270075188, 15.4216781955, 17.3565714286, 16.389401503800002, 4.452872180500002, 16.389401503800002], [11.033563909799994, 10.002273684199999, 4.5820751879999975, 10.647422556400002, 18.130345864700004, 10.9699969925], [11.2270075188, 10.4216781955, 17.3565714286, 11.389401503800002, 4.452872180500002, 11.389401503800002], [20.3329361702, 19.9700765957, 14.856170212800002, 20.2743489362, 26.722723404299998, 21.187165957399998], [20.9492765957, 20.4487148936, 27.034723404300003, 21.3615319149, 15.472510638300001, 20.1444425532], [20.3329361702, 14.9700765957, 14.856170212800002, 15.2743489362, 26.722723404299998, 16.187165957399998], [20.9492765957, 15.448714893599998, 27.034723404300003, 16.3615319149, 15.472510638300001, 15.144442553200001], [20.3329361702, 9.9700765957, 14.856170212800002, 10.2743489362, 26.722723404299998, 11.187165957399998], [20.9492765957, 10.448714893599998, 27.034723404300003, 11.361531914899999, 15.472510638300001, 10.144442553200001], [15.3329361702, 19.9700765957, 9.856170212800002, 20.2743489362, 21.722723404299998, 21.187165957399998], [15.949276595699999, 20.4487148936, 22.034723404300003, 21.3615319149, 10.472510638300001, 20.1444425532], [15.3329361702, 14.9700765957, 9.856170212800002, 15.2743489362, 21.722723404299998, 16.187165957399998], [15.949276595699999, 15.448714893599998, 22.034723404300003, 16.3615319149, 10.472510638300001, 15.144442553200001], [15.3329361702, 9.9700765957, 9.856170212800002, 10.2743489362, 21.722723404299998, 11.187165957399998], [15.949276595699999, 10.448714893599998, 22.034723404300003, 11.361531914899999, 10.472510638300001, 10.144442553200001], [10.3329361702, 19.9700765957, 4.856170212800002, 20.2743489362, 16.722723404299998, 21.187165957399998], [10.949276595699999, 20.4487148936, 17.034723404300003, 21.3615319149, 5.472510638300001, 20.1444425532], [10.3329361702, 14.9700765957, 4.856170212800002, 15.2743489362, 16.722723404299998, 16.187165957399998], [10.949276595699999, 15.448714893599998, 17.034723404300003, 16.3615319149, 5.472510638300001, 15.144442553200001], [10.3329361702, 9.9700765957, 4.856170212800002, 10.2743489362, 16.722723404299998, 11.187165957399998], [10.949276595699999, 10.448714893599998, 17.034723404300003, 11.361531914899999, 5.472510638300001, 10.144442553200001]]
